1111111111111111111111111111111111111111111111111111111111111111111111111111111111111111111111111111
1000000000000000000000000000001000000000000000000000000000000000000001000000000000000000000000000001
1000000000000000000000000000001000000000000000000000000000000000000001000000000000000000000000000001
1000000000000000000000000000001000000000000000000000000000000000000001000000000000000000000000000001
1000000000000000000000000000001000000000000000000000000000000000000001000000000000000000000000000001
1000000000000000000000000000001000000000000000000000000000000000000001000000000000000000000000000001
1000000000000000000000000000001000000000000000000000000000000000000001000000000000000000000000000001
1000000000000000000000000000001000000000000000000000000000000000000001000000000000000000000000000001
1000000000000000000000000000001000000000000000000000000000000000000001000000000000000000000000000001
1000000000000000000000000000001000000000000000000000000000000000000001000000000000000000000000000001
1000000000000000000000000000001000000000000000000000000000000000000001000000000000000000000000000001
1000000000000000000000000000001000000000000000000000000000000000000001000000000000000000000000000001
1000000000000000000000000000001000000000000000000000000000000000000001000000000000000000000000000001
1000000000000000000000000000001000000000000000000000000000000000000001000000000000000000000000000001
1000000000000000000000000000000000000000000000000000000000000000000001000000000000000000000000000001
1000000000000000000000000000000000000000000000000000000000000000000001000000000000000000000000000001
1000000000000000000000000000000000000000000000000000000000000000000001000000000000000000000000000001
1000000000000000000000000000000000000000000000000000000000000000000001000000000000000000000000000001
1000000000000000000000000000000000000000000000000000000000000000000001000000000000000000000000000001
1000000000000000000000000000000000000000000000000000000000000000000001000000000000000000000000000001
1000000000000000000000000000000000000000000000000000000000000000000001000000000000000000000000000001
1000000000000000000000000000000000000000000000000000000000000000000001000000000000000000000000000001
1000000000000000000000000000000000000000000000000000000000000000000001000000000000000000000000000001
1000000000000000000000000000000000000000000000000000000000000000000001000000000000000000000000000001
1000000000000000000000000000000000000000000000000000000000000000000001000000000000000000000000000001
1000000000000000000000000000001000000000000000000000000000000000000001000000000000000000000000000001
1000000000000000000000000000001000000000000000000000000000000000000001000000000000000000000000000001
1000000000000000000000000000001000000000000000000000000000000000000001000000000000000000000000000001
1000000000000000000000000000001000000000000000000000000000000000000001000000000000000000000000000001
1000000000000000000000000000001000000000000000000000000000000000000001111111111111111111111111111111
1000000000000000000000000000001000000000000000000000000000000000000001000000000000000000000000000001
1000000000000000000000000000001000000000000000000000000000000000000001000000000000000000000000000001
1000000000000000000000000000001000000000000000000000000000000000000001000000000000000000000000000001
1000000000000000000000000000001000000000000000000000000000000000000001000000000000000000000000000001
1000000000000000000000000000001000000000000000000000000000000000000001000000000000000000000000000001
1000000000000000000000000000001000000000000000000000000000000000000001000000000000000000000000000001
1000000000000000000000000000001000000000000000000000000000000000000001000000000000000000000000000001
1000000000000000000000000000001000000000000000000000000000000000000001000000000000000000000000000001
1000000000000000000000000000001000000000000000000000000000000000000001000000000000000000000000000001
1000000000000000000000000000001000000000000000000000000000000000000001000000000000000000000000000001
1000000000000000000000000000001000000000000000000000000000000000000001000000000000000000000000000001
1000000000000000000000000000001000000000000000000000000000000000000001000000000000000000000000000001
1000000000000000000000000000001000000000000000000000000000000000000001000000000000000000000000000001
1000000000000000000000000000001000000000000000000000000000000000000001000000000000000000000000000001
1000000000000000000000000000001000000000000000000000000000000000000001000000000000000000000000000001
1000000000000000000000000000001000000000000000000000000000000000000001000000000000000000000000000001
1111111111111111111111000000001000000000000000000000000000000000000001000000000000000000000000000001
1111111111111111111111000000001111111111111111111111111111111111111111000000000000000000000000000001
1000000000000000000000000000001111111111111111111111111111111111111111000000000000000000000000000001
1000000000000000000000000000001000000000000000000000000000000000000001000000000000000000000000000001
1000000000000000000000000000001000000000000000000000000000000000000001000000000000000000000000000001
1000000000000000000000000000001000000000000000000000000000000000000001000000000000000000000000000001
1000000000000000000000000000001000000000000000000000000000000000000001000000000000000000000000000001
1000000000000000000000000000001000000000000000000000000000000000000001000000000000000000000000000001
1000000000000000000000000000001000000000000000000000000000000000000001000000000000000000000000000001
1000000000000000000000000000001000000000000000000000000000000000000001000000000000000000000000000001
1000000000000000000000000000001000000000000000000000000000000000000001000000000000000000100000000001
1000000000000000000000000000001000000000000000000000000000000000000001000000000000000011100000000001
1000000000000000000000000000001000000000000000000000000000000000000001000000000000000110000000000001
1000000000000000000000000000001000000000000000000000000000000000000001000000000000011100000000000001
1000000000000000000000000000001000000000000000000000000000000000000001000000000000110000000000000001
1000000000000000000000000000001000000000000000000000000000000000000001000000000011000000000000000001
1000000000000000000000000000001000000000000000000000000000000000000001000000000110000000000000000001
1000000000000000000000000000001000000000000000000000000000000000000001000000011000000000000000000001
1000000000000000000000000000001000000000000000000000000000000000000001000001110000000000000000000001
1000000000000000000000000000001000000000000000000000000000000000000001111111100000000000000000000001
1000000000000000000000000000001000000000000000000000000000000000000001111110000000000000000000000001
1000000000000000000011111111111000000000000000000000000000000000000000000000000000000000000000000001
1000000000000000000000000000001000000000000000000000000000000000000000000000000000000000000000000001
1000000000000000000000000000001000000000000000000000000000000000000000000000000000000000000000000001
1000000000000000000000000000001000000000000000000000000000000000000000000000000000000000000000000001
1000000000000000000000000000001000000000000000000000000000000000000000000000000000000000000000000001
1000000000000000000000000000001000000000000000000000000000000000000000000000000000000000000000000001
1000000000000000000000000000001000000000000000000000000000000000000000000000000000000000000000000001
1000000000000000000000000000001000000000000000000000000000000000000000000000000000000000000000000001
1000000000000000000000000000001000000000000000000000000000000000000000000000000000000000000000000001
1000000000000000000000000000001000000000000000000000000000000000000001000000000000000000000000000001
1000000000000000000000000000001000000000000000000000000000000000000001000000000000000000000000000001
1000000000000000000000000000001000000000000000000000000000000000000001000000000000000000000000000001
1000000000000000000000000000001000000000000000000000000000000000000001000000000000000000000000000001
1000000000000000000000000000001000000000000000000000000000000000000001000000000000000000000000000001
1000000000000000000000000000001000000000000000000000000000000000000001000000000000000000000000000001
1000000000000000000000000000001000000000000000000000000000000000000001000000000000000000000000000001
1000000000000000000000000000001000000000000000000000000000000000000001000000000000000000000000000001
1000000000000000000000000000001000000000000000000000000000000000000001000000000000000000000000000001
1000000000000000000000000000001000000000000000000000000000000000000001000000000000000000000000000001
1000000000000000000000000000001000000000000000000000000000000000000001000000000000000000000000000001
1000000000000000000000000000001000000000000000011111111110000000000001000000000000000000000000000001
1000000000000000000000000000001000000000000000010000000010000000000001000000000000000000000000000001
1000000000000000000000000000001000000000000000010000000010000000000001000000000000000000000000000001
1000000000000000000000000000001000000000000000010000000010000000000001000000000000000000000000000001
1000000000000000000000000000001000000000000000010000000010000000000001000000000000000000000000000001
1000000000000000000000000000001000000000000000010000000010000000000001000000000000000000000000000001
1000000000000000000000000000001000000000000000010000000010000000000001000000000000000000000000000001
1000000000000000000000000000001000000000000000010000000010000000000001000000000000000000000000000001
1000000000000000000000000000001000000000000000010000000010000000000001000000000000000000000000000001
1000000000000000000000000000001000000000000000010000000010000000000001000000000000000000000000000001
1000000000000000000000000000001000000000000000010000000010000000000001000000000000000000000000000001
1000000000000000000000000000001000000000000000010000000010000000000001000000000000000000000000000001
1111111111111111111111111111111111111111111111111111111111111111111111111111111111111111111111111111
